2010 05 18 00 00 00.98 PST 	A +011.72 +026.74 +006.37 +005.05     Air	B +011.39 +031.06 +018.11 +013.72 013.70     Air
2010 05 18 00 00 06.06 PST 	A +011.72 +026.74 +006.36 +005.04     Air	B +011.39 +031.06 +018.06 +013.68 013.70     Air
2010 05 18 00 00 10.98 PST 	A +011.72 +026.74 +006.36 +005.05     Air	B +011.38 +031.08 +018.06 +013.68 013.70     Air
2010 05 18 00 00 15.98 PST 	A +011.72 +026.74 +006.36 +005.05     Air	B +011.38 +031.07 +018.09 +013.70 013.70     Air
2010 05 18 00 00 20.98 PST 	A +011.72 +026.74 +006.36 +005.05     Air	B +011.38 +031.07 +018.11 +013.71 013.70     Air
2010 05 18 00 00 25.92 PST 	A +011.72 +026.73 +006.35 +005.04     Air	B +011.38 +031.08 +018.09 +013.70 013.70     Air
2010 05 18 00 00 30.92 PST 	A +011.72 +026.74 +006.36 +005.04     Air	B +011.38 +031.08 +018.09 +013.70 013.70     Air
2010 05 18 00 00 35.93 PST 	A +011.72 +026.75 +006.39 +005.07     Air	B +011.38 +031.08 +018.11 +013.72 013.70     Air
2010 05 18 00 00 41.00 PST 	A +011.72 +026.74 +006.41 +005.08     Air	B +011.38 +031.08 +018.11 +013.71 013.70     Air
2010 05 18 00 00 45.93 PST 	A +011.72 +026.74 +006.40 +005.07     Air	B +011.38 +031.09 +018.11 +013.71 013.70     Air
2010 05 18 00 00 51.04 PST 	A +011.72 +026.74 +006.40 +005.08     Air	B +011.38 +031.08 +018.12 +013.72 013.70     Air
2010 05 18 00 00 55.93 PST 	A +011.72 +026.74 +006.36 +005.05     Air	B +011.38 +031.08 +018.11 +013.71 013.70     Air
2010 05 18 00 01 00.92 PST 	A +011.72 +026.74 +006.38 +005.06     Air	B +011.38 +031.10 +018.09 +013.70 013.70     Air
2010 05 18 00 01 05.98 PST 	A +011.72 +026.74 +006.34 +005.03     Air	B +011.38 +031.09 +018.11 +013.72 013.70     Air
2010 05 18 00 01 11.00 PST 	A +011.72 +026.75 +006.35 +005.04     Air	B +011.38 +031.09 +018.10 +013.71 013.70     Air
2010 05 18 00 01 15.92 PST 	A +011.73 +026.74 +006.34 +005.03     Air	B +011.39 +031.10 +018.07 +013.69 013.70     Air
2010 05 18 00 01 20.92 PST 	A +011.72 +026.75 +006.35 +005.04     Air	B +011.39 +031.09 +018.08 +013.69 013.70     Air
2010 05 18 00 01 25.98 PST 	A +011.73 +026.74 +006.32 +005.02     Air	B +011.38 +031.13 +018.10 +013.70 013.70     Air
2010 05 18 00 01 30.98 PST 	A +011.73 +026.74 +006.35 +005.04     Air	B +011.39 +031.11 +018.06 +013.68 013.70     Air
2010 05 18 00 01 35.96 PST 	A +011.73 +026.76 +006.32 +005.02     Air	B +011.39 +031.11 +018.09 +013.71 013.70     Air
2010 05 18 00 01 40.96 PST 	A +011.73 +026.74 +006.35 +005.04     Air	B +011.39 +031.13 +018.06 +013.69 013.70     Air
2010 05 18 00 01 45.95 PST 	A +011.72 +026.75 +006.36 +005.05     Air	B +011.38 +031.13 +018.09 +013.70 013.70     Air
2010 05 18 00 01 50.93 PST 	A +011.72 +026.76 +006.35 +005.04     Air	B +011.39 +031.12 +018.11 +013.72 013.70     Air
2010 05 18 00 01 56.00 PST 	A +011.72 +026.75 +006.36 +005.04     Air	B +011.38 +031.11 +018.09 +013.70 013.70     Air
2010 05 18 00 02 01.04 PST 	A +011.72 +026.76 +006.36 +005.04     Air	B +011.38 +031.11 +018.13 +013.73 013.70     Air
2010 05 18 00 02 06.04 PST 	A +011.72 +026.76 +006.40 +005.07     Air	B +011.38 +031.15 +018.13 +013.72 013.70     Air
2010 05 18 00 02 10.93 PST 	A +011.72 +026.75 +006.38 +005.06     Air	B +011.38 +031.15 +018.13 +013.72 013.70     Air
2010 05 18 00 02 16.03 PST 	A +011.72 +026.76 +006.37 +005.05     Air	B +011.39 +031.14 +018.11 +013.72 013.70     Air
2010 05 18 00 02 20.98 PST 	A +011.72 +026.75 +006.37 +005.06     Air	B +011.39 +031.14 +018.11 +013.71 013.70     Air
2010 05 18 00 02 25.98 PST 	A +011.73 +026.76 +006.32 +005.02     Air	B +011.39 +031.15 +018.10 +013.71 013.70     Air
2010 05 18 00 02 30.93 PST 	A +011.73 +026.76 +006.32 +005.01     Air	B +011.39 +031.14 +018.08 +013.69 013.70     Air
2010 05 18 00 02 35.90 PST 	A +011.73 +026.77 +006.31 +005.01     Air	B +011.39 +031.13 +018.05 +013.68 013.70     Air
2010 05 18 00 02 40.95 PST 	A +011.73 +026.76 +006.34 +005.03     Air	B +011.39 +031.16 +018.09 +013.71 013.70     Air
2010 05 18 00 02 45.92 PST 	A +011.73 +026.77 +006.32 +005.01     Air	B +011.38 +031.14 +018.11 +013.71 013.70     Air
2010 05 18 00 02 50.79 PST 	A +011.72 +026.77 +006.32 +005.01     Air	B +011.39 +031.14 +018.11 +013.72 013.70     Air
2010 05 18 00 02 55.79 PST 	A +011.73 +026.76 +006.34 +005.03     Air	B +011.39 +031.19 +018.08 +013.69 013.70     Air
2010 05 18 00 03 00.79 PST 	A +011.73 +026.77 +006.34 +005.03     Air	B +011.39 +031.17 +018.06 +013.68 013.70     Air
2010 05 18 00 03 05.79 PST 	A +011.73 +026.76 +006.31 +005.00     Air	B +011.39 +031.17 +018.10 +013.71 013.70     Air
2010 05 18 00 03 10.92 PST 	A +011.73 +026.77 +006.34 +005.03     Air	B +011.39 +031.20 +018.10 +013.71 013.70     Air
2010 05 18 00 03 15.93 PST 	A +011.73 +026.77 +006.33 +005.02     Air	B +011.39 +031.20 +018.08 +013.69 013.70     Air
2010 05 18 00 03 20.95 PST 	A +011.73 +026.77 +006.37 +005.06     Air	B +011.39 +031.17 +018.10 +013.71 013.70     Air
2010 05 18 00 03 25.98 PST 	A +011.73 +026.77 +006.36 +005.05     Air	B +011.39 +031.17 +018.08 +013.69 013.70     Air
2010 05 18 00 03 30.98 PST 	A +011.73 +026.77 +006.35 +005.04     Air	B +011.39 +031.17 +018.09 +013.71 013.70     Air
2010 05 18 00 03 35.98 PST 	A +011.73 +026.78 +006.34 +005.03     Air	B +011.39 +031.20 +018.09 +013.70 013.70     Air
2010 05 18 00 03 40.98 PST 	A +011.72 +026.77 +006.34 +005.03     Air	B +011.39 +031.20 +018.10 +013.71 013.70     Air
2010 05 18 00 03 45.93 PST 	A +011.72 +026.77 +006.36 +005.04     Air	B +011.38 +031.19 +018.08 +013.69 013.70     Air
2010 05 18 00 03 51.04 PST 	A +011.72 +026.77 +006.37 +005.05     Air	B +011.39 +031.19 +018.12 +013.72 013.70     Air
2010 05 18 00 03 55.98 PST 	A +011.72 +026.78 +006.37 +005.05     Air	B +011.39 +031.20 +018.09 +013.69 013.70     Air
2010 05 18 00 04 01.03 PST 	A +011.72 +026.79 +006.36 +005.04     Air	B +011.39 +031.20 +018.11 +013.71 013.70     Air
2010 05 18 00 04 05.95 PST 	A +011.72 +026.78 +006.36 +005.04     Air	B +011.39 +031.21 +018.11 +013.71 013.70     Air
2010 05 18 00 04 10.98 PST 	A +011.73 +026.78 +006.36 +005.04     Air	B +011.39 +031.21 +018.11 +013.71 013.70     Air
2010 05 18 00 04 16.01 PST 	A +011.73 +026.77 +006.37 +005.05     Air	B +011.39 +031.22 +018.10 +013.71 013.70     Air
2010 05 18 00 04 20.92 PST 	A +011.72 +026.78 +006.36 +005.05     Air	B +011.39 +031.21 +018.11 +013.71 013.70     Air
2010 05 18 00 04 25.93 PST 	A +011.72 +026.78 +006.34 +005.03     Air	B +011.39 +031.22 +018.11 +013.71 013.70     Air
2010 05 18 00 04 30.95 PST 	A +011.72 +026.79 +006.35 +005.03     Air	B +011.39 +031.21 +018.10 +013.71 013.70     Air
2010 05 18 00 04 36.03 PST 	A +011.73 +026.78 +006.35 +005.03     Air	B +011.39 +031.21 +018.11 +013.71 013.70     Air
2010 05 18 00 04 40.95 PST 	A +011.73 +026.79 +006.33 +005.02     Air	B +011.39 +031.22 +018.08 +013.69 013.70     Air
2010 05 18 00 04 45.90 PST 	A +011.73 +026.78 +006.35 +005.04     Air	B +011.39 +031.22 +018.09 +013.70 013.70     Air
2010 05 18 00 04 50.98 PST 	A +011.73 +026.79 +006.38 +005.06     Air	B +011.39 +031.21 +018.08 +013.69 013.70     Air
2010 05 18 00 04 55.98 PST 	A +011.73 +026.78 +006.35 +005.04     Air	B +011.39 +031.22 +018.07 +013.69 013.70     Air
2010 05 18 00 05 00.98 PST 	A +011.73 +026.79 +006.32 +005.01     Air	B +011.39 +031.22 +018.04 +013.66 013.70     Air
2010 05 18 00 05 06.00 PST 	A +011.73 +026.79 +006.33 +005.02     Air	B +011.39 +031.22 +018.06 +013.67 013.70     Air
2010 05 18 00 05 10.98 PST 	A +011.73 +026.79 +006.35 +005.03     Air	B +011.39 +031.22 +018.08 +013.69 013.70     Air
2010 05 18 00 05 15.98 PST 	A +011.72 +026.80 +006.35 +005.03     Air	B +011.38 +031.23 +018.10 +013.70 013.70     Air
2010 05 18 00 05 20.98 PST 	A +011.72 +026.81 +006.36 +005.04     Air	B +011.38 +031.21 +018.17 +013.75 013.70     Air
2010 05 18 00 05 25.98 PST 	A +011.72 +026.79 +006.37 +005.05     Air	B +011.38 +031.22 +018.13 +013.73 013.70     Air
2010 05 18 00 05 30.98 PST 	A +011.72 +026.79 +006.32 +005.01     Air	B +011.38 +031.22 +018.14 +013.73 013.70     Air
2010 05 18 00 05 36.04 PST 	A +011.72 +026.80 +006.35 +005.03     Air	B +011.39 +031.22 +018.11 +013.72 013.70     Air
2010 05 18 00 05 40.95 PST 	A +011.72 +026.79 +006.36 +005.04     Air	B +011.39 +031.23 +018.11 +013.71 013.70     Air
2010 05 18 00 05 45.98 PST 	A +011.72 +026.80 +006.36 +005.04     Air	B +011.39 +031.23 +018.11 +013.71 013.70     Air
2010 05 18 00 05 50.92 PST 	A +011.72 +026.79 +006.32 +005.01     Air	B +011.38 +031.23 +018.09 +013.69 013.70     Air
2010 05 18 00 05 56.03 PST 	A +011.72 +026.81 +006.31 +005.00     Air	B +011.38 +031.23 +018.15 +013.74 013.70     Air
2010 05 18 00 06 00.93 PST 	A +011.72 +026.81 +006.33 +005.01     Air	B +011.38 +031.23 +018.13 +013.71 013.70     Air
2010 05 18 00 06 06.03 PST 	A +011.72 +026.81 +006.33 +005.01     Air	B +011.39 +031.23 +018.12 +013.72 013.70     Air
2010 05 18 00 06 10.98 PST 	A +011.72 +026.80 +006.29 +004.98     Air	B +011.38 +031.23 +018.11 +013.70 013.70     Air
2010 05 18 00 06 15.98 PST 	A +011.72 +026.80 +006.35 +005.03     Air	B +011.38 +031.23 +018.10 +013.70 013.70     Air
2010 05 18 00 06 20.98 PST 	A +011.72 +026.81 +006.34 +005.03     Air	B +011.38 +031.23 +018.15 +013.73 013.70     Air
2010 05 18 00 06 25.98 PST 	A +011.72 +026.82 +006.33 +005.02     Air	B +011.38 +031.22 +018.12 +013.72 013.70     Air
2010 05 18 00 06 30.92 PST 	A +011.72 +026.81 +006.35 +005.03     Air	B +011.38 +031.23 +018.13 +013.72 013.70     Air
2010 05 18 00 06 35.87 PST 	A +011.72 +026.81 +006.34 +005.03     Air	B +011.39 +031.23 +018.08 +013.69 013.70     Air
2010 05 18 00 06 40.98 PST 	A +011.72 +026.82 +006.34 +005.02     Air	B +011.38 +031.23 +018.10 +013.70 013.70     Air
2010 05 18 00 06 46.00 PST 	A +011.72 +026.81 +006.32 +005.01     Air	B +011.38 +031.24 +018.13 +013.72 013.70     Air
2010 05 18 00 06 50.98 PST 	A +011.72 +026.81 +006.37 +005.05     Air	B +011.38 +031.23 +018.09 +013.69 013.70     Air
2010 05 18 00 06 55.98 PST 	A +011.72 +026.81 +006.36 +005.04     Air	B +011.38 +031.23 +018.12 +013.71 013.70     Air
2010 05 18 00 07 00.98 PST 	A +011.72 +026.81 +006.33 +005.02     Air	B +011.38 +031.23 +018.10 +013.70 013.70     Air
2010 05 18 00 07 05.98 PST 	A +011.72 +026.82 +006.35 +005.03     Air	B +011.38 +031.23 +018.14 +013.73 013.70     Air
2010 05 18 00 07 10.92 PST 	A +011.72 +026.81 +006.35 +005.04     Air	B +011.38 +031.24 +018.11 +013.71 013.70     Air
2010 05 18 00 07 15.98 PST 	A +011.72 +026.82 +006.35 +005.03     Air	B +011.38 +031.23 +018.11 +013.70 013.70     Air
2010 05 18 00 07 20.98 PST 	A +011.72 +026.81 +006.34 +005.02     Air	B +011.38 +031.24 +018.11 +013.70 013.70     Air
2010 05 18 00 07 25.98 PST 	A +011.72 +026.81 +006.38 +005.06     Air	B +011.38 +031.23 +018.09 +013.69 013.70     Air
2010 05 18 00 07 30.98 PST 	A +011.72 +026.81 +006.37 +005.05     Air	B +011.38 +031.24 +018.11 +013.70 013.70     Air
2010 05 18 00 07 35.93 PST 	A +011.72 +026.84 +006.36 +005.04     Air	B +011.38 +031.24 +018.15 +013.73 013.70     Air
2010 05 18 00 07 40.95 PST 	A +011.72 +026.83 +006.35 +005.04     Air	B +011.38 +031.24 +018.12 +013.71 013.70     Air
2010 05 18 00 07 45.93 PST 	A +011.72 +026.81 +006.34 +005.02     Air	B +011.38 +031.23 +018.14 +013.73 013.70     Air
2010 05 18 00 07 50.87 PST 	A +011.72 +026.83 +006.35 +005.03     Air	B +011.38 +031.24 +018.14 +013.72 013.70     Air
2010 05 18 00 07 55.87 PST 	A +011.72 +026.82 +006.30 +005.00     Air	B +011.38 +031.24 +018.11 +013.71 013.70     Air
2010 05 18 00 08 00.92 PST 	A +011.72 +026.82 +006.33 +005.02     Air	B +011.38 +031.24 +018.13 +013.72 013.70     Air
2010 05 18 00 08 05.93 PST 	A +011.72 +026.85 +006.35 +005.04     Air	B +011.38 +031.24 +018.11 +013.71 013.70     Air
2010 05 18 00 08 11.00 PST 	A +011.72 +026.83 +006.32 +005.01     Air	B +011.38 +031.24 +018.13 +013.72 013.70     Air
2010 05 18 00 08 15.93 PST 	A +011.72 +026.85 +006.32 +005.00     Air	B +011.38 +031.25 +018.10 +013.70 013.70     Air
2010 05 18 00 08 20.98 PST 	A +011.72 +026.85 +006.32 +005.00     Air	B +011.38 +031.25 +018.11 +013.70 013.70     Air
2010 05 18 00 08 25.98 PST 	A +011.72 +026.83 +006.29 +004.98     Air	B +011.38 +031.24 +018.14 +013.72 013.70     Air
2010 05 18 00 08 30.93 PST 	A +011.71 +026.86 +006.35 +005.03     Air	B +011.38 +031.26 +018.12 +013.71 013.70     Air
2010 05 18 00 08 35.95 PST 	A +011.72 +026.85 +006.36 +005.04     Air	B +011.38 +031.25 +018.13 +013.72 013.70     Air
2010 05 18 00 08 40.79 PST 	A +011.72 +026.82 +006.34 +005.02     Air	B +011.38 +031.26 +018.12 +013.71 013.70     Air
2010 05 18 00 08 45.79 PST 	A +011.72 +026.85 +006.35 +005.04     Air	B +011.38 +031.25 +018.14 +013.73 013.70     Air
2010 05 18 00 08 50.79 PST 	A +011.71 +026.85 +006.35 +005.03     Air	B +011.38 +031.25 +018.16 +013.74 013.70     Air
2010 05 18 00 08 55.93 PST 	A +011.71 +026.84 +006.36 +005.04     Air	B +011.38 +031.26 +018.09 +013.69 013.70     Air
2010 05 18 00 09 00.98 PST 	A +011.72 +026.84 +006.36 +005.04     Air	B +011.38 +031.26 +018.10 +013.69 013.70     Air
2010 05 18 00 09 05.98 PST 	A +011.71 +026.85 +006.35 +005.03     Air	B +011.38 +031.26 +018.12 +013.71 013.70     Air
2010 05 18 00 09 10.98 PST 	A +011.71 +026.85 +006.38 +005.06     Air	B +011.38 +031.25 +018.13 +013.72 013.70     Air
2010 05 18 00 09 15.92 PST 	A +011.71 +026.85 +006.38 +005.05     Air	B +011.38 +031.27 +018.11 +013.70 013.70     Air
2010 05 18 00 09 20.90 PST 	A +011.72 +026.85 +006.39 +005.06     Air	B +011.38 +031.26 +018.14 +013.73 013.70     Air
2010 05 18 00 09 25.93 PST 	A +011.72 +026.87 +006.40 +005.07     Air	B +011.38 +031.26 +018.11 +013.70 013.70     Air
2010 05 18 00 09 30.93 PST 	A +011.72 +026.85 +006.37 +005.05     Air	B +011.38 +031.26 +018.12 +013.71 013.70     Air
2010 05 18 00 09 35.96 PST 	A +011.72 +026.87 +006.36 +005.04     Air	B +011.38 +031.27 +018.11 +013.71 013.70     Air
2010 05 18 00 09 41.01 PST 	A +011.72 +026.84 +006.33 +005.02     Air	B +011.39 +031.27 +018.11 +013.71 013.70     Air
2010 05 18 00 09 46.00 PST 	A +011.72 +026.85 +006.34 +005.02     Air	B +011.38 +031.27 +018.12 +013.71 013.70     Air
2010 05 18 00 09 50.95 PST 	A +011.72 +026.87 +006.34 +005.03     Air	B +011.38 +031.27 +018.11 +013.71 013.70     Air
2010 05 18 00 09 55.95 PST 	A +011.72 +026.86 +006.36 +005.04     Air	B +011.38 +031.26 +018.11 +013.70 013.70     Air
2010 05 18 00 10 00.93 PST 	A +011.73 +026.88 +006.34 +005.02     Air	B +011.39 +031.28 +018.05 +013.67 013.70     Air
2010 05 18 00 10 05.98 PST 	A +011.72 +026.85 +006.34 +005.03     Air	B +011.39 +031.28 +018.05 +013.67 013.70     Air
2010 05 18 00 10 10.95 PST 	A +011.72 +026.88 +006.35 +005.03     Air	B +011.39 +031.27 +018.10 +013.70 013.70     Air
2010 05 18 00 10 15.95 PST 	A +011.72 +026.88 +006.32 +005.01     Air	B +011.38 +031.28 +018.11 +013.70 013.70     Air
2010 05 18 00 10 20.98 PST 	A +011.72 +026.88 +006.30 +004.99     Air	B +011.38 +031.28 +018.16 +013.74 013.70     Air
2010 05 18 00 10 26.00 PST 	A +011.72 +026.87 +006.33 +005.01     Air	B +011.38 +031.28 +018.10 +013.70 013.70     Air
2010 05 18 00 10 30.87 PST 	A +011.72 +026.88 +006.35 +005.03     Air	B +011.38 +031.28 +018.14 +013.72 013.70     Air
2010 05 18 00 10 35.92 PST 	A +011.72 +026.88 +006.36 +005.04     Air	B +011.39 +031.28 +018.11 +013.71 013.70     Air
2010 05 18 00 10 40.98 PST 	A +011.71 +026.88 +006.39 +005.06     Air	B +011.38 +031.28 +018.14 +013.72 013.70     Air
2010 05 18 00 10 45.98 PST 	A +011.72 +026.92 +006.34 +005.02     Air	B +011.38 +031.28 +018.13 +013.72 013.70     Air
2010 05 18 00 10 50.93 PST 	A +011.71 +026.88 +006.35 +005.03     Air	B +011.38 +031.28 +018.13 +013.71 013.70     Air
2010 05 18 00 10 55.93 PST 	A +011.72 +026.88 +006.35 +005.03     Air	B +011.38 +031.28 +018.14 +013.73 013.70     Air
2010 05 18 00 11 00.98 PST 	A +011.72 +026.88 +006.37 +005.05     Air	B +011.38 +031.28 +018.12 +013.71 013.70     Air
2010 05 18 00 11 05.95 PST 	A +011.72 +026.90 +006.39 +005.06     Air	B +011.38 +031.28 +018.15 +013.72 013.70     Air
2010 05 18 00 11 10.93 PST 	A +011.72 +026.89 +006.37 +005.05     Air	B +011.38 +031.29 +018.12 +013.71 013.70     Air
2010 05 18 00 11 15.92 PST 	A +011.72 +026.89 +006.35 +005.03     Air	B +011.38 +031.29 +018.12 +013.71 013.70     Air
2010 05 18 00 11 20.96 PST 	A +011.72 +026.90 +006.36 +005.04     Air	B +011.38 +031.28 +018.11 +013.70 013.70     Air
2010 05 18 00 11 25.96 PST 	A +011.72 +026.88 +006.36 +005.04     Air	B +011.38 +031.29 +018.14 +013.72 013.70     Air
2010 05 18 00 11 30.95 PST 	A +011.72 +026.92 +006.34 +005.03     Air	B +011.38 +031.28 +018.13 +013.72 013.70     Air
2010 05 18 00 11 35.98 PST 	A +011.72 +026.91 +006.37 +005.05     Air	B +011.38 +031.29 +018.08 +013.68 013.70     Air
2010 05 18 00 11 41.04 PST 	A +011.72 +026.89 +006.35 +005.03     Air	B +011.38 +031.29 +018.11 +013.70 013.70     Air
2010 05 18 00 11 45.87 PST 	A +011.72 +026.92 +006.37 +005.05     Air	B +011.38 +031.29 +018.09 +013.69 013.70     Air
2010 05 18 00 11 50.87 PST 	A +011.72 +026.89 +006.36 +005.04     Air	B +011.38 +031.29 +018.10 +013.69 013.70     Air
2010 05 18 00 11 55.98 PST 	A +011.71 +026.91 +006.38 +005.05     Air	B +011.38 +031.29 +018.14 +013.72 013.70     Air
2010 05 18 00 12 00.98 PST 	A +011.72 +026.90 +006.38 +005.05     Air	B +011.38 +031.30 +018.16 +013.73 013.70     Air
2010 05 18 00 12 05.93 PST 	A +011.72 +026.92 +006.38 +005.06     Air	B +011.37 +031.31 +018.11 +013.69 013.70     Air
2010 05 18 00 12 10.96 PST 	A +011.72 +026.90 +006.35 +005.03     Air	B +011.37 +031.31 +018.14 +013.71 013.70     Air
2010 05 18 00 12 15.95 PST 	A +011.71 +026.93 +006.35 +005.03     Air	B +011.37 +031.30 +018.15 +013.72 013.70     Air
2010 05 18 00 12 20.98 PST 	A +011.71 +026.93 +006.37 +005.05     Air	B +011.38 +031.31 +018.15 +013.72 013.70     Air
2010 05 18 00 12 25.98 PST 	A +011.72 +026.92 +006.38 +005.06     Air	B +011.38 +031.30 +018.10 +013.69 013.70     Air
2010 05 18 00 12 31.00 PST 	A +011.72 +026.94 +006.37 +005.05     Air	B +011.38 +031.30 +018.13 +013.71 013.70     Air
2010 05 18 00 12 36.00 PST 	A +011.72 +026.93 +006.35 +005.03     Air	B +011.38 +031.31 +018.12 +013.71 013.70     Air
2010 05 18 00 12 40.98 PST 	A +011.72 +026.94 +006.35 +005.03     Air	B +011.38 +031.31 +018.15 +013.73 013.70     Air
2010 05 18 00 12 46.04 PST 	A +011.72 +026.94 +006.34 +005.02     Air	B +011.38 +031.30 +018.13 +013.71 013.70     Air
2010 05 18 00 12 50.93 PST 	A +011.72 +026.94 +006.35 +005.03     Air	B +011.38 +031.31 +018.11 +013.71 013.70     Air
2010 05 18 00 12 55.87 PST 	A +011.72 +026.94 +006.36 +005.04     Air	B +011.38 +031.31 +018.11 +013.71 013.70     Air
2010 05 18 00 13 00.85 PST 	A +011.73 +026.94 +006.29 +004.99     Air	B +011.39 +031.31 +018.08 +013.69 013.70     Air
2010 05 18 00 13 06.00 PST 	A +011.73 +026.94 +006.34 +005.02     Air	B +011.39 +031.32 +018.06 +013.67 013.70     Air
2010 05 18 00 13 10.98 PST 	A +011.72 +026.93 +006.35 +005.04     Air	B +011.39 +031.31 +018.09 +013.69 013.70     Air
2010 05 18 00 13 15.93 PST 	A +011.72 +026.94 +006.33 +005.02     Air	B +011.39 +031.32 +018.06 +013.67 013.70     Air
2010 05 18 00 13 20.98 PST 	A +011.72 +026.94 +006.35 +005.03     Air	B +011.38 +031.32 +018.10 +013.69 013.70     Air
2010 05 18 00 13 26.00 PST 	A +011.72 +026.94 +006.32 +005.00     Air	B +011.38 +031.31 +018.11 +013.69 013.70     Air
2010 05 18 00 13 31.00 PST 	A +011.72 +026.94 +006.34 +005.03     Air	B +011.38 +031.32 +018.12 +013.71 013.70     Air
2010 05 18 00 13 35.93 PST 	A +011.72 +026.94 +006.36 +005.04     Air	B +011.38 +031.33 +018.14 +013.72 013.70     Air
2010 05 18 00 13 41.00 PST 	A +011.72 +026.94 +006.38 +005.06     Air	B +011.38 +031.33 +018.12 +013.71 013.70     Air
2010 05 18 00 13 45.98 PST 	A +011.72 +026.94 +006.38 +005.06     Air	B +011.38 +031.33 +018.12 +013.70 013.70     Air
2010 05 18 00 13 51.00 PST 	A +011.72 +026.94 +006.35 +005.03     Air	B +011.38 +031.33 +018.11 +013.70 013.70     Air
2010 05 18 00 13 55.96 PST 	A +011.72 +026.92 +006.34 +005.02     Air	B +011.38 +031.33 +018.11 +013.70 013.70     Air
2010 05 18 00 14 00.95 PST 	A +011.72 +026.93 +006.33 +005.01     Air	B +011.38 +031.34 +018.09 +013.68 013.70     Air
2010 05 18 00 14 05.98 PST 	A +011.72 +026.94 +006.37 +005.05     Air	B +011.38 +031.33 +018.11 +013.70 013.70     Air
2010 05 18 00 14 11.00 PST 	A +011.72 +026.94 +006.36 +005.04     Air	B +011.38 +031.34 +018.12 +013.70 013.70     Air
2010 05 18 00 14 16.00 PST 	A +011.72 +026.94 +006.35 +005.03     Air	B +011.38 +031.34 +018.12 +013.70 013.70     Air
2010 05 18 00 14 20.98 PST 	A +011.72 +026.94 +006.36 +005.04     Air	B +011.38 +031.34 +018.13 +013.71 013.70     Air
2010 05 18 00 14 25.84 PST 	A +011.71 +026.94 +006.37 +005.05     Air	B +011.37 +031.33 +018.11 +013.69 013.70     Air
2010 05 18 00 14 30.79 PST 	A +011.72 +026.94 +006.38 +005.05     Air	B +011.38 +031.34 +018.11 +013.70 013.70     Air
2010 05 18 00 14 35.79 PST 	A +011.72 +026.94 +006.36 +005.04     Air	B +011.38 +031.34 +018.13 +013.71 013.70     Air
